260
0 0
00 0
000 0
0000 0
00000 0
000000 0
0000000 7843
0000001 234
000001 225
00001 0
00001000 7885
00001001 259
00001010 237
00001011 7907
000011 98
0001 105
001 0
0010 0
00100 97
00101 0
001010 0
0010100 0
00101000 7847
00101001 417
00101010 7853
00101011 47
0010110 7879
0010111000 56
0010111001 57
001011101 8221
001011110 242
001011111 8220
0011 116
01 32
1 0
10 0
100 0
1000 0
10000 0
100000 0
1000000 101
1000001 0
100000100 7893
100000101000 245
100000101001 122
10000010101 119
1000001011 253
10000011 7883
100001 108
10001 0
100010 118
100011 0
1000110 7841
1000111 7871
1001 0
10010 0
100100 0
1001000 244
1001001 0
10010010 7875
10010011 0
100100110 7855
100100111 250
100101 114
10011 0
100110 224
100111 0
1001110 0
10011100 113
10011101 236
1001111 0
10011110 7873
1001111100 54
100111110100 7923
100111110101 106
100111110110 7927
100111110111 7859
1001111110 52
1001111111 7877
101 0
1010000 100
10100010 120
10100011 7911
1010010000 233
1010010001 7881
1010010010 361
1010010011 7887
101001010 7891
101001011 7903
10100110 50
101001110 7909
10100111100 7895
101001111010 8230
101001111011 7905
10100111110 7929
101001111110 232
1010011111110 8211
101001111111100 8217
1010011111111010000 8226
1010011111111010001 174
101001111111101001000 169
101001111111101001001 168
101001111111101001010000 462
101001111111101001010001 9670
10100111111110100101001 1058
1010011111111010010101 178
101001111111101001011 65279
10100111111110100110000 252
10100111111110100110001 241
1010011111111010011001 248
1010011111111010011010 8206
1010011111111010011011 188
10100111111110100111000 8203
10100111111110100111001000 1065
10100111111110100111001001 1072
1010011111111010011100101 247
1010011111111010011100110 228
1010011111111010011100111 1077
1010011111111010011101000 1053
1010011111111010011101001 214
1010011111111010011101010 1048
1010011111111010011101011 1050
101001111111101001110110 771
10100111111110100111011100 8242
10100111111110100111011101 8250
10100111111110100111011110 172
10100111111110100111011111 263
101001111111101001111000 9619
101001111111101001111001 304
10100111111110100111101000 1052
10100111111110100111101001 1054
10100111111110100111101010 9658
10100111111110100111101011 333
10100111111110100111101100 1088
10100111111110100111101101 1068
1010011111111010011110111 947
1010011111111010011111000 181
10100111111110100111110010 945
10100111111110100111110011 177
10100111111110100111110100 125
10100111111110100111110101 176
10100111111110100111110110 186
10100111111110100111110111 1047
10100111111110100111111000 833
10100111111110100111111001 1044
10100111111110100111111010 328
10100111111110100111111011 351
1010011111111010011111110 335
10100111111110100111111110 180
10100111111110100111111111 777
10100111111110101 7925
10100111111110110000 173
1010011111111011000100000 8805
1010011111111011000100001 8364
10100111111110110001000100 269
10100111111110110001000101 8218
10100111111110110001000110 373
10100111111110110001000111 65533
101001111111101100010010 223
101001111111101100010011 322
1010011111111011000101 231
1010011111111011000110 8212
1010011111111011000111 171
1010011111111011001000 946
10100111111110110010010 769
101001111111101100100110 8804
101001111111101100100111 9829
1010011111111011001010 1086
1010011111111011001011 1057
10100111111110110011 246
10100111111110110100 187
101001111111101101010 183
1010011111111011010110 189
101001111111101101011100 803
101001111111101101011101 768
10100111111110110101111000 235
10100111111110110101111001 1063
1010011111111011010111101 215
101001111111101101011111 1040
101001111111101101100 160
101001111111101101101 163
10100111111110110111000 353
10100111111110110111001 92
101001111111101101110100 8482
101001111111101101110101 216
10100111111110110111011 9608
101001111111101101111000 8776
101001111111101101111001 8594
101001111111101101111010 190
1010011111111011011110110 8243
1010011111111011011110111 229
101001111111101101111100 8363
101001111111101101111101 305
1010011111111011011111100 179
1010011111111011011111101 1045
1010011111111011011111110 1042
1010011111111011011111111 61664
10100111111110111 8216
10100111111111 7861
101010 111
10101100 7901
10101101 49
10101110 7845
101011110 7919
1010111110 53
1010111111 55
1011 104
11 0
110 0
1100 0
11000 0
110000 0
1100000 0
11000000 7889
11000001 48
110000100 51
11000010100 7849
11000010101 7865
1100001011 7917
11000011 7899
110001 273
11001 0
110010 0
1100100 107
1100101 0
11001010 243
1100101100 7863
11001011010 297
11001011011 7851
110010111 7921
110011 109
1101 0
11010 103
11011 0
11011000 226
110110010 227
110110011 7913
1101101 115
110111 117
111 0
1110 0
11100 0
111000 0
1110000 121
1110001 432
111001 0
1110010 112
1110011 0
11100110 7897
11100111 0
1110011100 249
11100111010 102
11100111011 7857
111001111 0
1110011110 7915
1110011111 0
11100111110 7869
11100111111 7867
11101 99
1111 110
209
32 01
47 00101011
48 11000001
49 10101101
50 10100110
51 110000100
52 1001111110
53 1010111110
54 1001111100
55 1010111111
56 0010111000
57 0010111001
92 10100111111110110111001
97 00100
98 000011
99 11101
100 1010000
101 1000000
102 11100111010
103 11010
104 1011
105 0001
106 100111110101
107 1100100
108 100001
109 110011
110 1111
111 101010
112 1110010
113 10011100
114 100101
115 1101101
116 0011
117 110111
118 100010
119 10000010101
120 10100010
121 1110000
122 100000101001
125 10100111111110100111110100
160 101001111111101101100
163 101001111111101101101
168 101001111111101001001
169 101001111111101001000
171 1010011111111011000111
172 10100111111110100111011110
173 10100111111110110000
174 1010011111111010001
176 10100111111110100111110101
177 10100111111110100111110011
178 1010011111111010010101
179 1010011111111011011111100
180 10100111111110100111111110
181 1010011111111010011111000
183 101001111111101101010
186 10100111111110100111110110
187 10100111111110110100
188 1010011111111010011011
189 1010011111111011010110
190 101001111111101101111010
214 1010011111111010011101001
215 1010011111111011010111101
216 101001111111101101110101
223 101001111111101100010010
224 100110
225 000001
226 11011000
227 110110010
228 1010011111111010011100110
229 1010011111111011011110111
231 1010011111111011000101
232 101001111110
233 1010010000
234 0000001
235 10100111111110110101111000
236 10011101
237 00001010
241 10100111111110100110001
242 001011110
243 11001010
244 1001000
245 100000101000
246 10100111111110110011
247 1010011111111010011100101
248 1010011111111010011001
249 1110011100
250 100100111
252 10100111111110100110000
253 1000001011
259 00001001
263 10100111111110100111011111
269 10100111111110110001000100
273 110001
297 11001011010
304 101001111111101001111001
305 101001111111101101111101
322 101001111111101100010011
328 10100111111110100111111010
333 10100111111110100111101011
335 1010011111111010011111110
351 10100111111110100111111011
353 10100111111110110111000
361 1010010010
373 10100111111110110001000110
417 00101001
432 1110001
462 101001111111101001010000
768 101001111111101101011101
769 10100111111110110010010
771 101001111111101001110110
777 10100111111110100111111111
803 101001111111101101011100
833 10100111111110100111111000
945 10100111111110100111110010
946 1010011111111011001000
947 1010011111111010011110111
1040 101001111111101101011111
1042 1010011111111011011111110
1044 10100111111110100111111001
1045 1010011111111011011111101
1047 10100111111110100111110111
1048 1010011111111010011101010
1050 1010011111111010011101011
1052 10100111111110100111101000
1053 1010011111111010011101000
1054 10100111111110100111101001
1057 1010011111111011001011
1058 10100111111110100101001
1063 10100111111110110101111001
1065 10100111111110100111001000
1068 10100111111110100111101101
1072 10100111111110100111001001
1077 1010011111111010011100111
1086 1010011111111011001010
1088 10100111111110100111101100
7841 1000110
7843 0000000
7845 10101110
7847 00101000
7849 11000010100
7851 11001011011
7853 00101010
7855 100100110
7857 11100111011
7859 100111110111
7861 10100111111111
7863 1100101100
7865 11000010101
7867 11100111111
7869 11100111110
7871 1000111
7873 10011110
7875 10010010
7877 1001111111
7879 0010110
7881 1010010001
7883 10000011
7885 00001000
7887 1010010011
7889 11000000
7891 101001010
7893 100000100
7895 10100111100
7897 11100110
7899 11000011
7901 10101100
7903 101001011
7905 101001111011
7907 00001011
7909 101001110
7911 10100011
7913 110110011
7915 1110011110
7917 1100001011
7919 101011110
7921 110010111
7923 100111110100
7925 10100111111110101
7927 100111110110
7929 10100111110
8203 10100111111110100111000
8206 1010011111111010011010
8211 1010011111110
8212 1010011111111011000110
8216 10100111111110111
8217 101001111111100
8218 10100111111110110001000101
8220 001011111
8221 001011101
8226 1010011111111010000
8230 101001111010
8242 10100111111110100111011100
8243 1010011111111011011110110
8250 10100111111110100111011101
8363 101001111111101101111100
8364 1010011111111011000100001
8482 101001111111101101110100
8594 101001111111101101111001
8776 101001111111101101111000
8804 101001111111101100100110
8805 1010011111111011000100000
9608 10100111111110110111011
9619 101001111111101001111000
9658 10100111111110100111101010
9670 101001111111101001010001
9829 101001111111101100100111
61664 1010011111111011011111111
65279 101001111111101001011
65533 10100111111110110001000111
